=== MODEL INFORMATION ===

model_type: LogisticRegression
n_features: 30
classes: [0, 1]
intercept: [-1.5852548972530536]
coefficients_shape: (1, 30)
top_feature_indices: [13, 21, 28, 15, 7, 10, 23, 6, 26, 27]
top_coefficients: [1.1481765840098472, 1.1178492717362902, 1.0771689639161808, 1.0272463514271777, 0.9633181254039911, 0.948699188878498, 0.9478511137956235, 0.8832318919417889, 0.8369994872368579, 0.7136664879843005]
